# =====R code=========================
# Optimized parameters for growth line function.
# ==============================
# 2018-09-06: Tsutaya T: Created.
# 2018-10-09: Tsutaya T: Changed tooth height from abs to relative (0->1).
# ==============================
# copy & paste $minumum for a.opt!
a.opt.uI2 <- 8.817232
ecj.x.uI2 <- 0.0777172172873232
ecj.y.uI2 <- 0.460685530327337

a.opt.uC <- 9.547951
ecj.x.uC <- 0.112596678184144
ecj.y.uC <- 0.342993824459576

a.opt.uM2 <- 3.574945
ecj.x.uM2 <- 0.180415370499407
ecj.y.uM2 <- 0.208852824065765

